2022_05_23_2347	0	0	0
2022_05_23_2352	0	0	0
2022_05_23_2355	0	0	0
2022_05_24_0948	0	0	0
2022_05_24_0948	9999	0	0
2022_05_24_0948	19999	0	0
2022_05_24_0948	29999	0	0
2022_05_24_0949	39999	0	0
2022_05_24_0952	9999	0	0
2022_05_24_0953	19999	0	0
2022_05_24_0953	29999	0	0
2022_05_24_0953	39999	0	0
2022_05_24_0958	9999	0	0
2022_05_24_0958	19999	0	0
2022_05_24_0958	29999	0	0
2022_05_24_0958	39999	0	0
2022_05_24_0959	9999	0	0
2022_05_24_0959	19999	0	0
2022_05_24_0959	29999	0	0
2022_05_24_0959	39999	0	0
2022_05_24_1017	9999	0	0
2022_05_24_1017	19999	0	0
2022_05_24_1017	29999	0	0
2022_05_24_1018	39999	0	0
