2022_05_24_0948	19	1.0	4.0
2022_05_24_0948	39	1.35	4.0
2022_05_24_0948	59	1.1	4.0
2022_05_24_0948	79	1.2	5.0
2022_05_24_0948	99	1.3	5.0
2022_05_24_0948	119	1.2	4.0
2022_05_24_0948	139	1.1	5.0
2022_05_24_0948	159	1.65	5.0
2022_05_24_0948	179	1.8	5.0
2022_05_24_0948	199	1.8	6.0
2022_05_24_0948	219	1.05	5.0
2022_05_24_0949	239	1.25	5.0
2022_05_24_0949	259	1.9	7.0
2022_05_24_0949	279	1.3	3.0
2022_05_24_0949	299	1.15	7.0
2022_05_24_0952	19	1.9	9.0
2022_05_24_0952	39	0.8	5.0
2022_05_24_0952	59	1.75	4.0
2022_05_24_0952	79	1.1	4.0
2022_05_24_0953	99	1.9	5.0
2022_05_24_0953	119	1.55	5.0
2022_05_24_0953	139	1.2	3.0
2022_05_24_0953	159	1.5	6.0
2022_05_24_0953	179	0.95	3.0
2022_05_24_0953	199	1.3	4.0
2022_05_24_0953	219	2.0	5.0
2022_05_24_0953	239	1.45	4.0
2022_05_24_0953	259	1.25	5.0
2022_05_24_0953	279	1.25	5.0
2022_05_24_0957	19	1.25	5.0
2022_05_24_0957	39	1.55	9.0
2022_05_24_0958	59	1.95	7.0
2022_05_24_0958	79	1.05	5.0
2022_05_24_0958	99	0.95	4.0
2022_05_24_0958	119	1.8	8.0
2022_05_24_0958	139	1.6	6.0
2022_05_24_0958	159	0.9	4.0
2022_05_24_0958	179	1.7	4.0
2022_05_24_0958	199	1.4	6.0
2022_05_24_0958	219	1.4	4.0
2022_05_24_0958	239	1.5	6.0
2022_05_24_0958	259	1.25	4.0
2022_05_24_0958	279	1.05	2.0
2022_05_24_0958	299	1.1	5.0
2022_05_24_0959	19	1.7	5.0
2022_05_24_0959	39	2.0	5.0
2022_05_24_0959	59	1.7	5.0
2022_05_24_0959	79	0.9	4.0
2022_05_24_0959	99	0.85	3.0
2022_05_24_0959	119	1.5	4.0
2022_05_24_0959	139	1.15	6.0
2022_05_24_0959	159	1.55	8.0
2022_05_24_0959	179	0.65	2.0
2022_05_24_0959	199	1.0	3.0
2022_05_24_0959	219	1.65	7.0
2022_05_24_0959	239	1.0	5.0
2022_05_24_0959	259	1.15	3.0
2022_05_24_0959	279	1.4	4.0
2022_05_24_0959	299	1.15	4.0
2022_05_24_1017	19	1.3	5.0
2022_05_24_1017	39	1.1	5.0
2022_05_24_1017	59	2.1	7.0
2022_05_24_1017	79	0.95	4.0
2022_05_24_1017	99	1.6	7.0
2022_05_24_1017	119	1.65	4.0
2022_05_24_1017	139	1.9	5.0
2022_05_24_1017	159	1.75	6.0
2022_05_24_1017	179	0.8	3.0
2022_05_24_1017	199	1.35	4.0
2022_05_24_1017	219	1.8	4.0
2022_05_24_1018	239	1.6	6.0
2022_05_24_1018	259	1.05	5.0
2022_05_24_1018	279	0.75	3.0
2022_05_24_1018	299	1.0	6.0
2022_05_24_1027	19	1.25	6.0
2022_05_24_1032	19	1.0	5.0
2022_05_24_1036	19	0.9	4.0
2022_05_24_2036	19	1.45	4.0
2022_05_24_2036	39	1.2	4.0
2022_05_24_2036	59	1.5	6.0
2022_05_24_2037	19	1.05	4.0
2022_05_24_2037	39	1.55	7.0
2022_05_24_2037	59	1.25	5.0
2022_05_24_2126	19	0.85	3.0
2022_05_24_2126	39	1.0	4.0
2022_05_24_2126	59	0.95	3.0
2022_05_24_2138	19	0.9	4.0
2022_05_24_2138	39	1.05	3.0
2022_05_24_2138	59	0.8	2.0
2022_05_24_2153	19	1.65	4.0
2022_05_24_2153	39	1.5	6.0
2022_05_24_2153	59	1.6	4.0
2022_05_24_2153	19	1.2	4.0
2022_05_24_2153	39	1.45	4.0
2022_05_24_2154	59	0.75	3.0
2022_05_24_2154	19	1.05	3.0
2022_05_24_2154	39	1.25	4.0
2022_05_24_2154	59	1.3	4.0
2022_05_24_2200	19	0.8	3.0
2022_05_24_2200	39	1.55	4.0
2022_05_24_2200	59	1.0	4.0
2022_05_24_2201	19	0.9	4.0
2022_05_24_2202	39	1.85	4.0
2022_05_24_2202	59	1.1	3.0
2022_05_24_2203	19	1.35	5.0
2022_05_24_2203	39	0.95	2.0
2022_05_24_2203	59	1.45	5.0
2022_05_24_2203	19	1.1	5.0
2022_05_24_2203	39	1.15	5.0
2022_05_24_2204	59	1.25	3.0
2022_05_24_2206	19	1.0	3.0
2022_05_24_2206	39	1.4	5.0
2022_05_24_2206	59	0.9	3.0
2022_05_24_2208	19	1.8	4.0
2022_05_24_2208	39	1.55	5.0
2022_05_24_2208	59	1.15	5.0
2022_05_24_2214	19	1.05	4.0
2022_05_24_2214	39	1.35	3.0
2022_05_24_2215	59	0.8	3.0
2022_05_24_2215	79	1.35	4.0
2022_05_24_2215	99	1.2	4.0
2022_05_24_2215	119	1.15	4.0
2022_05_24_2216	139	1.3	4.0
2022_05_24_2216	159	1.15	5.0
2022_05_24_2217	179	0.8	3.0
2022_05_24_2217	199	1.15	6.0
2022_05_24_2218	219	1.0	5.0
2022_05_24_2218	239	1.15	4.0
2022_05_24_2219	259	1.0	5.0
2022_05_24_2219	279	1.05	4.0
2022_05_24_2220	299	0.8	5.0
2022_05_24_2220	319	0.8	3.0
2022_05_24_2221	339	1.1	3.0
2022_05_24_2221	359	0.75	3.0
2022_05_24_2222	379	0.45	4.0
2022_05_24_2223	19	1.55	5.0
2022_05_24_2223	39	1.4	4.0
2022_05_24_2223	59	1.45	5.0
2022_05_24_2223	79	0.75	3.0
2022_05_24_2224	99	1.4	4.0
2022_05_24_2224	119	1.6	5.0
2022_05_24_2226	139	1.6	4.0
2022_05_24_2241	19	1.2	3.0
2022_05_24_2241	39	1.25	3.0
2022_05_24_2241	59	1.35	4.0
2022_05_24_2242	79	1.45	5.0
2022_05_24_2242	99	1.2	4.0
2022_05_24_2243	119	1.1	5.0
2022_05_24_2243	139	0.9	3.0
2022_05_24_2253	19	1.05	2.0
2022_05_24_2253	39	0.9	3.0
2022_05_24_2253	59	1.3	5.0
2022_05_24_2254	79	1.2	4.0
2022_05_24_2254	99	1.05	5.0
2022_05_24_2255	119	1.0	4.0
2022_05_24_2256	139	0.95	4.0
2022_05_24_2303	19	1.0	3.0
2022_05_24_2303	39	1.3	4.0
2022_05_24_2304	59	1.2	3.0
2022_05_24_2308	19	1.25	4.0
2022_05_24_2309	39	1.1	3.0
2022_05_24_2309	59	1.2	5.0
2022_05_24_2310	79	1.5	4.0
2022_05_24_2310	99	2.75	5.0
2022_05_24_2311	119	2.2	4.0
2022_05_24_2315	139	1.75	5.0
2022_05_24_2320	159	1.35	4.0
2022_05_24_2326	179	1.85	4.0
2022_05_24_2331	199	1.3	4.0
2022_05_24_2337	219	1.65	5.0
2022_05_24_2343	239	1.45	4.0
2022_05_24_2348	259	1.2	5.0
2022_05_24_2354	279	1.65	5.0
2022_05_25_0000	299	1.45	5.0
2022_05_25_0005	319	1.7	4.0
2022_05_25_0011	339	1.9	4.0
2022_05_25_0016	359	2.2	4.0
2022_05_25_0022	379	2.35	6.0
2022_05_25_0029	399	2.7	6.0
2022_05_25_0035	419	2.85	5.0
2022_05_25_0041	439	2.65	8.0
2022_05_25_0048	459	3.35	6.0
2022_05_25_0055	479	3.0	6.0
2022_05_25_0103	499	3.6	6.0
2022_05_25_0114	519	3.65	11.0
2022_05_25_0122	539	3.6	6.0
2022_05_25_0131	559	4.65	7.0
2022_05_25_0139	579	4.4	8.0
2022_05_25_0148	599	5.05	9.0
2022_05_25_0157	619	5.0	9.0
2022_05_25_0206	639	5.25	9.0
2022_05_25_0215	659	6.15	9.0
2022_05_25_0226	679	6.8	15.0
2022_05_25_0235	699	5.45	11.0
2022_05_25_0851	719	8.2	11.0
2022_05_25_0903	739	8.5	16.0
2022_05_25_0912	759	5.85	13.0
2022_05_25_0921	779	6.65	14.0
2022_05_25_0931	799	6.1	10.0
2022_05_25_0942	819	8.15	13.0
2022_05_25_0954	839	7.85	20.0
2022_05_25_1004	859	6.65	12.0
2022_05_25_1015	879	7.45	12.0
2022_05_25_1027	899	8.5	14.0
2022_05_25_1038	919	8.2	13.0
2022_05_25_1049	939	8.1	15.0
2022_05_25_1100	959	7.9	15.0
2022_05_25_1111	979	6.85	14.0
2022_05_25_1122	999	7.85	13.0
2022_05_25_1132	1019	6.95	14.0
2022_05_25_1143	1039	8.3	16.0
2022_05_25_1154	1059	7.15	14.0
2022_05_25_1213	1079	8.85	14.0
2022_05_25_1224	1099	7.65	23.0
2022_05_25_1235	1119	8.15	18.0
2022_05_25_1246	1139	7.85	13.0
2022_05_25_1258	1159	8.35	16.0
2022_05_25_1309	1179	9.1	19.0
2022_05_25_1319	1199	6.9	18.0
2022_05_25_1330	1219	7.7	17.0
2022_05_25_1342	1239	9.3	19.0
2022_05_25_1355	1259	10.55	18.0
2022_05_25_1406	1279	7.75	20.0
2022_05_25_1419	1299	9.65	16.0
2022_05_25_1431	1319	9.4	16.0
2022_05_25_1444	1339	9.55	18.0
2022_05_25_1456	1359	9.65	22.0
2022_05_25_1507	1379	7.15	14.0
2022_05_25_1519	1399	9.1	16.0
2022_05_25_1540	1419	10.35	23.0
2022_05_25_1552	1439	8.65	14.0
2022_05_25_1603	1459	9.8	18.0
2022_05_25_1623	1479	7.65	18.0
2022_05_25_1633	1499	7.25	13.0
2022_05_25_1645	1519	9.6	19.0
2022_05_25_1657	1539	9.3	17.0
2022_05_25_1709	1559	9.0	17.0
2022_05_25_1721	1579	9.45	21.0
2022_05_25_1732	1599	7.55	14.0
2022_05_25_1744	1619	9.9	19.0
2022_05_25_1758	1639	10.25	21.0
2022_05_25_1808	1659	6.9	16.0
2022_05_25_1818	1679	6.55	20.0
2022_05_25_1829	1699	7.8	13.0
2022_05_25_1944	1719	9.05	14.0
2022_05_25_1956	1739	9.45	16.0
2022_05_25_2009	1759	10.75	28.0
2022_05_25_2022	1779	9.75	16.0
2022_05_25_2034	1799	7.8	20.0
2022_05_25_2047	1819	9.9	18.0
2022_05_25_2101	1839	11.2	22.0
2022_05_25_2112	1859	9.35	18.0
2022_05_25_2123	1879	7.75	15.0
2022_05_25_2135	1899	9.15	16.0
2022_05_25_2147	1919	9.6	20.0
2022_05_25_2200	1939	9.9	26.0
2022_05_25_2234	1959	6.75	17.0
2022_05_25_2244	1979	6.55	14.0
2022_05_25_2255	1999	9.05	16.0
2022_05_25_2321	2019	8.15	14.0
2022_05_25_2334	2039	10.2	19.0
2022_05_25_2346	2059	8.6	15.0
2022_05_25_2359	2079	9.6	19.0
2022_05_26_0010	2099	9.15	16.0
2022_05_26_0023	2119	9.3	18.0
2022_05_26_0035	2139	9.4	23.0
2022_05_26_0046	2159	9.15	26.0
2022_05_26_0057	2179	7.15	11.0
2022_05_26_0109	2199	9.7	20.0
2022_05_26_0122	2219	9.85	18.0
2022_05_26_0135	2239	10.15	18.0
2022_05_26_0148	2259	9.7	27.0
2022_05_26_0159	2279	8.3	13.0
2022_05_26_0212	2299	9.75	17.0
2022_05_26_0224	2319	10.2	23.0
2022_05_26_0235	2339	7.55	14.0
2022_05_26_0245	2359	6.95	14.0
2022_05_26_0735	2379	9.5	17.0
2022_05_26_0749	2399	10.65	18.0
2022_05_26_0801	2419	9.85	21.0
2022_05_26_0812	2439	7.7	12.0
2022_05_26_0824	2459	8.8	15.0
2022_05_26_0839	2479	12.2	24.0
2022_05_26_0850	2499	8.7	18.0
2022_05_26_0904	2519	12.1	24.0
2022_05_26_0918	2539	12.0	20.0
2022_05_26_0931	2559	10.6	20.0
2022_05_26_0944	2579	9.95	19.0
2022_05_26_0955	2599	8.2	16.0
2022_05_26_1005	2619	7.6	21.0
2022_05_26_1015	2639	6.75	10.0
2022_05_26_1025	2659	6.5	13.0
2022_05_26_1037	2679	9.6	25.0
2022_05_26_1050	2699	10.0	20.0
2022_05_26_1103	2719	11.6	19.0
2022_05_26_1135	2739	10.2	25.0
2022_05_26_1145	2759	7.45	16.0
2022_05_26_1158	2779	9.6	16.0
2022_05_26_1209	2799	8.6	17.0
2022_05_26_1221	2819	9.05	18.0
2022_05_26_1233	2839	8.75	20.0
2022_05_26_1245	2859	8.35	13.0
2022_05_26_1257	2879	8.9	14.0
2022_05_26_1308	2899	9.0	14.0
2022_05_26_1320	2919	8.6	14.0
2022_05_26_1331	2939	9.1	18.0
2022_05_26_1343	2959	9.35	14.0
2022_05_26_1356	2979	10.45	22.0
2022_05_26_1409	2999	9.6	20.0
2022_05_26_1420	3019	8.35	14.0
2022_05_26_1432	3039	9.15	16.0
2022_05_26_1444	3059	9.65	18.0
2022_05_26_1457	3079	10.75	21.0
2022_05_26_1508	3099	8.65	17.0
2022_05_26_1520	3119	8.1	17.0
2022_05_26_1530	3139	7.95	15.0
2022_05_26_1543	3159	9.4	18.0
2022_05_26_1554	3179	9.1	19.0
2022_05_26_1837	19	-20.7	0
2022_05_26_1849	39	-21.0	0
2022_05_26_1914	59	-20.35	0
2022_05_26_1946	79	-19.65	0
2022_05_26_2029	99	-18.05	0
2022_05_26_2125	119	-15.75	0
2022_05_26_2233	139	-14.55	0
2022_05_26_2348	159	-13.85	0
2022_05_27_0102	179	-14.05	0
2022_05_27_0845	199	-12.95	0
2022_05_27_1016	219	-11.5	0
2022_05_27_1125	239	-14.6	0
2022_05_27_1235	259	-13.5	0
2022_05_27_1350	279	-10.85	0
2022_05_27_1505	299	-9.95	2.0
2022_05_27_1622	319	-11.5	0
2022_05_27_1728	339	-13.2	0
2022_05_27_1830	359	-13.65	0
2022_05_27_1938	379	-12.05	0
2022_05_27_2049	399	-11.55	0
2022_05_27_2159	419	-11.5	0
2022_05_27_2308	439	-11.6	0
2022_05_28_0019	459	-11.3	0
2022_05_28_0129	479	-13.35	0
2022_05_28_0241	499	-11.7	0
2022_05_28_0344	519	-13.1	2.0
2022_05_28_0444	539	-13.95	0
2022_05_31_1027	19	-20.8	0
2022_05_31_1044	39	-20.7	0
2022_05_31_1118	59	-20.3	0
2022_05_31_1157	79	-20.15	0
2022_05_31_1238	99	-20.25	0
2022_05_31_1319	119	-20.0	0
2022_05_31_1356	139	-20.35	0
2022_05_31_1442	159	-19.7	0
2022_05_31_1533	179	-19.2	0
2022_05_31_1630	199	-19.05	0
2022_05_31_1743	219	-18.4	0
2022_05_31_1954	239	-13.3	0
2022_05_31_2300	259	-9.35	0
2022_06_01_0209	279	-7.4	5.0
2022_06_01_0526	299	-7.35	1.0
2022_06_01_0849	319	-5.85	11.0
2022_06_01_1206	339	-5.0	10.0
2022_06_01_1616	359	-4.5	8.0
2022_06_01_1953	379	-6.1	7.0
2022_06_01_2320	399	-4.85	6.0
2022_06_02_0230	419	-4.95	8.0
2022_06_02_0544	439	-1.8	10.0
2022_06_02_0906	459	-4.45	3.0
2022_06_02_1224	479	-2.95	5.0
2022_06_02_1517	499	-4.7	12.0
2022_06_02_1805	519	-6.8	4.0
2022_06_02_2104	539	-5.45	3.0
2022_06_03_0000	559	-7.05	2.0
2022_06_03_0239	579	-7.3	6.0
2022_06_03_0527	599	-7.95	7.0
2022_06_03_0825	619	-7.75	4.0
2022_06_03_1114	639	-9.4	0
2022_06_03_1401	659	-10.1	0
2022_06_03_1650	679	-10.1	1.0
2022_06_03_1933	699	-10.55	0
2022_06_03_2200	719	-11.0	0
2022_06_04_0044	739	-9.65	2.0
2022_06_04_0324	759	-9.75	0
2022_06_04_0548	779	-12.0	0
2022_06_04_0816	799	-10.4	0
