621 0 1.0
3940 0 -20.0
7349 1 -21.0
10406 2 -21.0
13777 3 -20.0
18218 4 -21.0
21391 5 -21.0
24560 6 -21.0
27953 7 -21.0
31474 8 -21.0
35395 9 -21.0
39295 10 -20.0
42352 11 -21.0
46385 12 -19.0
50591 13 -20.0
53648 14 -21.0
56705 15 -21.0
59762 16 -21.0
62819 17 -21.0
65876 18 -21.0
68933 19 -21.0
71990 20 -21.0
75047 21 -21.0
78104 22 -21.0
81161 23 -21.0
84218 24 -21.0
87275 25 -21.0
90332 26 -21.0
93389 27 -21.0
96446 28 -21.0
99503 29 -21.0
102800 30 -21.0
105932 31 -21.0
108989 32 -21.0
112713 33 -21.0
115845 34 -21.0
119368 35 -21.0
123210 36 -21.0
126573 37 -21.0
129630 38 -21.0
132931 39 -21.0
136719 40 -20.0
140093 41 -20.0
144184 42 -20.0
147775 43 -20.0
151184 44 -21.0
154241 45 -21.0
158796 46 -18.0
162164 47 -20.0
165536 48 -20.0
169153 49 -21.0
172772 50 -20.0
176181 51 -21.0
179867 52 -20.0
183164 53 -21.0
186453 54 -21.0
189750 55 -21.0
193948 56 -21.0
197630 57 -20.0
201167 58 -21.0
205815 59 -20.0
209432 60 -21.0
212733 61 -21.0
216518 62 -21.0
220589 63 -20.0
224243 64 -21.0
228647 65 -20.0
231780 66 -21.0
235673 67 -21.0
239326 68 -21.0
244250 69 -20.0
248738 70 -21.0
253488 71 -20.0
258442 72 -19.0
263804 73 -18.0
269190 74 -20.0
275967 75 -16.0
279968 76 -21.0
285848 77 -19.0
293173 78 -15.0
300120 79 -17.0
304321 80 -21.0
307614 81 -21.0
313361 82 -19.0
318034 83 -18.0
323260 84 -19.0
328397 85 -20.0
335558 86 -18.0
343259 87 -15.0
350365 88 -18.0
357020 89 -17.0
364737 90 -17.0
372469 91 -17.0
378782 92 -18.0
383664 93 -20.0
391814 94 -15.0
398623 95 -16.0
405179 96 -20.0
412754 97 -17.0
420572 98 -16.0
427501 99 -19.0
434777 100 -16.0
444404 101 -16.0
451170 102 -20.0
461799 103 -15.0
469801 104 -16.0
480239 105 -13.0
489767 106 -13.0
497958 107 -12.0
505635 108 -18.0
513125 109 -19.0
520561 110 -18.0
529849 111 -16.0
539800 112 -14.0
545335 113 -17.0
554234 114 -17.0
563730 115 -16.0
571971 116 -15.0
579284 117 -14.0
586148 118 -15.0
593136 119 -15.0
604675 120 -10.0
613843 121 -14.0
622974 122 -13.0
632553 123 -14.0
642935 124 -17.0
654713 125 -12.0
668177 126 -12.0
676048 127 -16.0
687419 128 -13.0
697810 129 -18.0
707569 130 -16.0
717033 131 -17.0
726067 132 -18.0
737114 133 -17.0
747304 134 -14.0
760404 135 -9.0
769555 136 -16.0
778904 137 -13.0
785592 138 -18.0
794618 139 -14.0
801528 140 -18.0
814946 141 -15.0
827211 142 -13.0
836138 143 -16.0
849839 144 -9.0
862275 145 -17.0
874711 146 -7.0
883781 147 -16.0
894164 148 -17.0
902969 149 -17.0
912827 150 -16.0
925102 151 -13.0
937336 152 -14.0
951448 153 -9.0
961368 154 -15.0
973610 155 -11.0
984080 156 -14.0
994112 157 -17.0
1006712 158 -10.0
1015929 159 -13.0
1027061 160 -13.0
1038029 161 -16.0
1049834 162 -15.0
1064188 163 -12.0
1074503 164 -18.0
1087247 165 -15.0
1099780 166 -17.0
1115458 167 -5.0
1124453 168 -15.0
1132239 169 -15.0
1140111 170 -18.0
1154511 171 -9.0
1163571 172 -13.0
1174866 173 -14.0
1180470 174 -19.0
1191003 175 -17.0
1201667 176 -12.0
1214164 177 -13.0
1224391 178 -15.0
1237563 179 -10.0
1249769 180 -9.0
1270230 181 -5.0
1280575 182 -16.0
1289518 183 -18.0
1300747 184 -17.0
1310953 185 -12.0
1320686 186 -15.0
1329387 187 -13.0
1339893 188 -10.0
1347188 189 -16.0
1357586 190 -12.0
1370751 191 -7.0
1381003 192 -13.0
1390308 193 -14.0
1399227 194 -16.0
1409844 195 -15.0
1419015 196 -14.0
1430342 197 -13.0
1441776 198 -9.0
1453783 199 -15.0
1463520 200 -17.0
1473969 201 -14.0
1487536 202 -8.0
1498030 203 -11.0
1509357 204 -13.0
1521829 205 -10.0
1532668 206 -14.0
1541338 207 -15.0
1553470 208 -9.0
1562890 209 -16.0
1573917 210 -12.0
1585458 211 -12.0
1600455 212 -6.0
1614293 213 -7.0
1627339 214 -7.0
1636996 215 -11.0
1647739 216 -10.0
1655677 217 -16.0
1666441 218 -11.0
1678172 219 -11.0
1687994 220 -15.0
1698620 221 -9.0
1710298 222 -14.0
1721639 223 -13.0
1732771 224 -12.0
1742079 225 -16.0
1752427 226 -15.0
1760498 227 -16.0
1772904 228 -14.0
1783036 229 -19.0
1791038 230 -18.0
1802059 231 -16.0
1810230 232 -15.0
1822807 233 -10.0
1834578 234 -10.0
1845253 235 -13.0
1854223 236 -19.0
1863446 237 -15.0
1870480 238 -17.0
1880708 239 -16.0
1889932 240 -13.0
1901544 241 -12.0
1909299 242 -17.0
1919313 243 -14.0
1929100 244 -13.0
1939799 245 -11.0
1953670 246 -13.0
1961462 247 -15.0
1973594 248 -14.0
1985634 249 -11.0
1997834 250 -11.0
2009153 251 -11.0
2019962 252 -14.0
2030777 253 -12.0
2040597 254 -14.0
2050534 255 -13.0
2059973 256 -13.0
2070730 257 -15.0
2077991 258 -18.0
2086724 259 -16.0
2098188 260 -13.0
2113018 261 -6.0
2127214 262 -6.0
2136970 263 -12.0
2148413 264 -8.0
2162807 265 -4.0
2174768 266 -10.0
2184308 267 -15.0
2195578 268 -10.0
2204968 269 -16.0
2216328 270 -10.0
2225885 271 -16.0
2237202 272 -12.0
2244087 273 -17.0
2258070 274 -4.0
2271198 275 -6.0
2280546 276 -15.0
2290430 277 -12.0
2298340 278 -13.0
2308132 279 -12.0
2318526 280 -9.0
2330904 281 -6.0
2340354 282 -9.0
2349962 283 -16.0
2360781 284 -7.0
2373049 285 -6.0
2379976 286 -19.0
2388909 287 -11.0
2399392 288 -12.0
2406722 289 -18.0
2416809 290 -12.0
2430344 291 -7.0
2444359 292 -9.0
2454354 293 -16.0
2465894 294 -11.0
2480659 295 2.0
2493744 296 -10.0
2506510 297 -6.0
2517949 298 -3.0
2529215 299 -14.0
2540199 300 -12.0
2550675 301 -14.0
2560634 302 -17.0
2575182 303 -8.0
2585031 304 -13.0
2593436 305 -17.0
2604302 306 -7.0
2612740 307 -13.0
2625080 308 -9.0
2636773 309 -10.0
2650297 310 -3.0
2661222 311 -10.0
2673315 312 -12.0
2686545 313 -10.0
2698981 314 -6.0
2713231 315 -7.0
2721405 316 -18.0
2733199 317 -13.0
2743646 318 -17.0
2753522 319 -14.0
2762906 320 -13.0
2771468 321 -15.0
2784020 322 -11.0
2794273 323 -13.0
2803675 324 -12.0
2810646 325 -15.0
2818498 326 -16.0
2828261 327 -13.0
2834530 328 -16.0
2845702 329 -12.0
2855570 330 -13.0
2866963 331 -11.0
2876254 332 -14.0
2886678 333 -10.0
2896061 334 -16.0
2907636 335 -10.0
2916868 336 -15.0
2924459 337 -19.0
2936510 338 -8.0
2945851 339 -12.0
2954812 340 -13.0
2963087 341 -15.0
2972058 342 -12.0
2983898 343 -12.0
2990848 344 -17.0
3003356 345 -9.0
3013480 346 -12.0
3021136 347 -15.0
3030501 348 -14.0
3040025 349 -15.0
3050207 350 -11.0
3058381 351 -14.0
3070672 352 -6.0
3078670 353 -14.0
3090081 354 -10.0
3099318 355 -16.0
3108414 356 -15.0
3115575 357 -17.0
3122175 358 -19.0
3129787 359 -17.0
3138289 360 -15.0
3150173 361 -9.0
3159916 362 -13.0
3175302 363 -3.0
3185368 364 -14.0
3193683 365 -14.0
3204266 366 -12.0
3214496 367 -12.0
3225337 368 -10.0
3234346 369 -15.0
3242837 370 -12.0
3252745 371 -13.0
3262014 372 -15.0
3270031 373 -16.0
3277400 374 -19.0
3289791 375 -5.0
3301121 376 -9.0
3310246 377 -13.0
3319774 378 -13.0
3331069 379 -9.0
3341349 380 -13.0
3351679 381 -12.0
3363531 382 -8.0
3371964 383 -13.0
3380282 384 -16.0
3387963 385 -17.0
3398410 386 -11.0
3407131 387 -14.0
3419232 388 -10.0
3433029 389 -4.0
3443538 390 -13.0
3457803 391 -6.0
3469385 392 -10.0
3477948 393 -12.0
3485501 394 -15.0
3494383 395 -12.0
3504282 396 -10.0
3516591 397 -7.0
3528314 398 -11.0
3536604 399 -17.0
3547865 400 -9.0
3560139 401 -7.0
3569273 402 -14.0
3579293 403 -11.0
3589596 404 -10.0
3602164 405 -8.0
3609717 406 -15.0
3624469 407 -2.0
3634425 408 -13.0
3647119 409 -3.0
3657006 410 -17.0
3667342 411 -10.0
3677890 412 -10.0
3686426 413 -16.0
3694882 414 -14.0
3704426 415 -13.0
3713190 416 -16.0
3720976 417 -17.0
3730709 418 -14.0
3740603 419 -11.0
3749350 420 -16.0
3757051 421 -18.0
3767145 422 -12.0
3775918 423 -16.0
3788544 424 -11.0
3796859 425 -14.0
3807263 426 -10.0
3818712 427 -8.0
3829121 428 -9.0
3840058 429 -7.0
3850139 430 -11.0
3865136 431 -4.0
3875871 432 -8.0
3887893 433 -8.0
3899435 434 -9.0
3906925 435 -18.0
3918536 436 -13.0
3926798 437 -16.0
3934993 438 -15.0
3946051 439 -9.0
3959200 440 -8.0
3970061 441 -12.0
3981115 442 -9.0
3989937 443 -16.0
4001946 444 -12.0
4011597 445 -12.0
4019830 446 -18.0
4029139 447 -12.0
4038446 448 -12.0
4053720 449 -4.0
4064297 450 -8.0
4072387 451 -17.0
4083363 452 -10.0
4091567 453 -17.0
4105093 454 -8.0
4113765 455 -13.0
4123788 456 -11.0
4135017 457 -10.0
4145938 458 -7.0
4155762 459 -10.0
4164247 460 -14.0
4171940 461 -16.0
4180182 462 -15.0
4189280 463 -16.0
4200497 464 -13.0
4211990 465 -10.0
4222526 466 -13.0
4232515 467 -14.0
4242999 468 -12.0
4252178 469 -16.0
4261566 470 -17.0
4272378 471 -11.0
4285777 472 -12.0
4296861 473 -10.0
4308270 474 -10.0
4317695 475 -17.0
4326575 476 -13.0
4339266 477 -9.0
4350038 478 -13.0
4359188 479 -16.0
4366557 480 -14.0
4376581 481 -11.0
4385550 482 -16.0
4395828 483 -13.0
4404685 484 -13.0
4414730 485 -10.0
4427809 486 -7.0
4434937 487 -18.0
4445839 488 -11.0
4456738 489 -11.0
4470718 490 -11.0
4481610 491 -9.0
4493954 492 -7.0
4505655 493 -11.0
4518818 494 -8.0
4531365 495 -8.0
4538892 496 -15.0
4550544 497 -12.0
4559479 498 -15.0
4569387 499 -14.0
4578634 500 -16.0
4587397 501 -17.0
4598071 502 -10.0
4609788 503 -12.0
4619339 504 -13.0
4628284 505 -12.0
4636060 506 -13.0
4646866 507 -13.0
4659061 508 -7.0
4668165 509 -14.0
4681529 510 2.0
4688431 511 -14.0
4697377 512 -13.0
4705515 513 -15.0
4712925 514 -16.0
4720862 515 -17.0
4727047 516 -20.0
4736335 517 -12.0
4747171 518 -13.0
4755178 519 -17.0
4766839 520 -12.0
4777420 521 -11.0
4784841 522 -15.0
4793078 523 -17.0
4801164 524 -15.0
4809629 525 -14.0
4818318 526 -14.0
4825862 527 -17.0
4838241 528 -9.0
4844112 529 -18.0
4851196 530 -18.0
4863689 531 -9.0
4871982 532 -17.0
4882126 533 -8.0
4889361 534 -17.0
4897261 535 -13.0
4906667 536 -8.0
4915923 537 -15.0
4921504 538 -19.0
4930054 539 -13.0
4937172 540 -13.0
4948297 541 -9.0
4955981 542 -16.0
4966571 543 -9.0
4979142 544 -6.0
4989822 545 -10.0
4999646 546 -14.0
